0:
0
14
17
17
17
17
17
17
17
14

1:
0
4
12
4
4
4
4
4
4
14

2:
0
14
17
17
1
2
4
8
16
31

3:
0
14
17
17
1
6
1
17
17
14

4:
0
18
18
18
18
31
2
2
2
2

5:
0
31
16
16
30
17
1
1
17
14

6:
0
6
8
16
16
30
17
17
17
14

7:
0
31
17
1
2
2
2
4
4
4

8:
0
14
17
17
17
14
17
17
17
14

9:
0
14
17
17
17
15
1
1
2
12

+:
0
0
0
4
4
31
4
4
0
0

*:
0
0
0
17
10
4
10
17
0
0

-:
0
0
0
0
0
31
0
0
0
0

/:
0
0
0
4
0
31
0
4
0
0

.3x3:
0
3
3

x:
0
0
0
0
9
22
4
4
13
18

^04x6:
0
7
5
5
5
7

^14x6:
0
2
6
2
2
7

^24x6:
0
7
1
3
4
7

^34x6:
0
7
1
7
4
7

^44x6:
0
5
5
7
1
1

^54x6:
0
7
4
7
1
7

^64x6:
0
7
4
7
5
7

^74x6:
0
7
1
2
2
4

^84x6:
0
7
5
7
5
7

^94x6:
0
7
5
7
1
7

