(4x10:
0
1
2
4
4
4
4
4
2
1
)4x10:
0
4
2
1
1
1
1
1
2
4
0:
0
14
17
17
17
17
17
17
17
14
1:
0
4
12
20
4
4
4
4
4
31
2:
0
14
17
17
1
2
4
8
16
31
3:
0
14
17
17
1
6
1
17
17
14
4:
0
18
18
18
18
31
2
2
2
2
5:
0
31
16
16
30
17
1
1
17
14
6:
0
6
8
16
16
30
17
17
17
14
7:
0
31
17
1
2
2
2
4
4
4
8:
0
14
17
17
17
14
17
17
17
14
9:
0
14
17
17
17
15
1
1
2
12
+:
0
0
0
4
4
31
4
4
0
0
*:
0
0
0
17
10
4
10
17
0
0
-:
0
0
0
0
0
31
0
0
0
0
~4x10:
0
0
0
0
0
7
0
0
0
0
/:
0
0
0
4
0
31
0
4
0
0
.3x10:
0
0
0
0
0
0
0
0
3
3
x:
0
0
0
9
22
4
4
4
13
18
s:
0
0
0
0
14
17
12
2
17
14
i4x10:
0
0
2
0
6
2
2
2
2
7
im4x10:
0
0
0
2
0
6
2
2
3
2
n:
0
0
0
0
22
25
17
17
17
17
c:
0
0
0
0
14
17
16
16
17
14
o:
0
0
0
0
14
17
17
17
17
14
t:
0
0
8
8
30
8
8
8
9
6
a:
0
0
0
0
14
1
15
17
19
13
l:
0
0
12
4
4
4
4
4
4
14
g:
0
0
0
0
14
17
17
15
1
30
h:
0
0
16
16
16
22
25
17
17
17
pi:
0
0
0
31
10
10
10
10
10
19
e:
0
0
0
6
9
27
28
24
25
14
=:
0
0
0
0
31
0
31
0
0
0
f:
0
2
5
4
4
14
4
4
20
8
`:
0
31
17
17
17
17
17
17
17
31
rad4x5:
0
1
5
3
1
^(3x7:
0
1
2
2
2
2
1
^)3x7:
0
2
1
1
1
1
2
^+6x7:
0
0
4
4
31
4
4
^-6x7:
0
0
0
0
31
0
0
^*6x7:
0
0
17
10
4
10
17
^/6x7:
0
0
4
0
31
0
4
^06x7:
0
14
17
17
17
17
14
^14x7:
0
2
6
2
2
2
7
^26x7:
0
14
17
2
4
8
31
^36x7:
0
14
17
6
1
17
14
^46x7:
0
18
18
18
31
2
2
^56x7:
0
31
16
30
1
17
14
^66x7:
0
6
8
30
17
17
14
^75x7:
0
15
1
2
2
4
4
^86x7:
0
14
17
14
17
17
14
^96x7:
0
14
17
17
15
2
12
^x6x7:
0
0
9
22
4
13
18
^s6x7:
0
0
15
16
14
1
30
^im4x7:
0
2
0
6
2
3
2
^i4x7:
0
2
0
6
2
2
7
^n6x7:
0
0
22
25
17
17
17
^c6x7:
0
0
14
16
16
17
14
^o6x7:
0
0
14
17
17
17
14
^t6x7:
0
8
30
8
8
9
6
^a6x7:
0
0
14
1
15
17
14
^l6x7:
0
12
4
4
4
4
14
^g6x7:
0
0
14
17
15
1
30
^h6x7:
0
16
16
22
25
17
17
^pi6x7:
0
0
31
10
10
10
19
^e6x7:
0
6
9
26
28
25
14
^~4x7:
0
0
0
0
7
0
0
^`6x7:
0
31
17
17
17
17
31
^.3x7:
0
0
0
0
0
3
3